day,decision_prompt_tokens,decision_completion_tokens,decision_cost_cents,reflection_prompt_tokens,reflection_completion_tokens,reflection_cost_cents,cumulative_cost_cents
1,354,1200,8,358,1000,7,15
